591.790000 1066.600000 35.340000
584.880000 1087.900000 37.650000
1580.300000 1949.400000 64.300000
1540.750000 1962.700000 45.450000
1544.100000 1896.600000 46.400000
1526.600000 1937.400000 35.900000
1552.500000 1925.900000 41.900000
1516.100000 1907.400000 34.100000
1289.000000 1547.200000 49.600000
1259.800000 1545.400000 34.700000
756.980000 1909.900000 43.020000
617.770000 1407.900000 15.450000
766.270000 1889.600000 53.280000
937.540000 1030.750000 36.530000
919.455000 1024.450000 32.905000
1719.900000 564.200000 36.520000
1727.250000 549.550000 36.240000
754.805000 1306.100000 800.245000
818.440000 263.300000 53.260000
928.380000 749.920000 39.890000
938.920000 782.320000 46.590000
322.680000 1697.300000 33.630000
305.615000 1699.900000 18.255000
319.250000 1710.400000 24.750000
1652.600000 1148.700000 49.400000
1816.400000 1104.600000 43.600000
1701.950000 1125.300000 50.350000
1745.900000 1159.800000 45.600000
1772.100000 1085.500000 41.300000
1782.400000 1137.200000 36.600000
1699.200000 1170.400000 56.400000
937.600000 1868.000000 33.990000
959.370000 1826.200000 41.790000
920.650000 1892.000000 36.280000
626.310000 386.310000 1782.880000
1442.950000 79.266500 33.370500
1421.600000 140.535000 47.465000
1481.000000 99.508000 41.521000
1433.100000 106.310000 23.170000
1453.750000 97.337000 39.193000
1411.800000 63.566000 39.594000
1438.800000 91.773000 23.878000
1381.150000 97.695000 38.605000
671.355000 680.070000 31.335000
680.360000 696.050000 36.210000
703.850000 703.380000 32.130000
688.755000 713.985000 34.110000
1857.800000 1890.650000 26.350000
1871.100000 1935.700000 29.900000
1849.850000 1903.650000 26.000000
1774.000000 1544.600000 37.100000
878.530000 1737.900000 37.450000
906.790000 1776.200000 40.130000
916.655000 1740.050000 36.405000
862.290000 1781.900000 44.450000
376.920000 756.980000 37.350000
356.920000 772.480000 26.890000
352.045000 747.470000 34.965000
330.640000 749.670000 40.580000
1032.500000 1642.500000 70.400000
1000.550000 1637.250000 62.200000
994.580000 1036.800000 30.110000
942.060000 1669.100000 61.210000
803.745000 593.155000 35.890000
806.610000 575.630000 53.250000
1986.600000 1733.100000 1057.530000
401.570000 157.000000 40.910000
132.820000 722.860000 56.950000
102.890000 723.470000 41.360000
1515.350000 705.450000 79.120000
329.280000 375.480000 35.240000
103.915000 1130.350000 29.145000
1560.200000 717.160000 55.950000
56.398000 1736.800000 45.318000
1306.100000 706.440000 57.450000
1349.400000 725.130000 52.750000
332.695000 631.880000 48.025000
952.030000 1300.500000 49.050000
1935.600000 1323.750000 47.950000
1964.150000 1328.500000 38.750000
1945.000000 1342.600000 58.100000
1955.500000 1369.450000 41.250000
1937.300000 1402.200000 51.200000
1519.700000 1587.000000 33.800000
1536.000000 1564.300000 47.200000
1545.200000 1584.200000 39.300000
1910.200000 1530.650000 53.850000
426.535000 1337.200000 53.275000
876.470000 1608.900000 33.720000
902.585000 1624.600000 43.015000
871.230000 1644.600000 55.250000
952.400000 17.512000 41.007000
933.315000 30.866500 27.422500
927.270000 10.023000 33.545000
187.500000 1560.500000 31.550000
