885.135000 427.290000 26.335000
934.900000 431.610000 30.190000
892.870000 411.990000 23.430000
920.570000 478.960000 21.910000
901.885000 445.160000 10.085000
888.980000 476.360000 25.770000
900.660000 435.410000 14.620000
882.065000 458.620000 17.865000
894.620000 457.325000 10.765000
920.605000 409.905000 35.810000
908.860000 464.140000 14.360000
904.190000 489.160000 23.320000
930.650000 453.545000 22.985000
915.505000 447.920000 14.875000
911.590000 431.470000 17.870000
906.870000 453.010000 10.330000
888.530000 447.440000 19.660000
216.020000 1892.800000 33.630000
280.970000 1855.400000 32.970000
270.870000 1843.900000 22.090000
267.560000 1867.000000 33.300000
262.825000 1855.650000 28.815000
1923.600000 1115.450000 1605.350000
341.170000 1106.150000 35.560000
347.140000 1120.900000 32.360000
568.210000 1631.300000 40.930000
1915.050000 1826.500000 47.050000
577.580000 1612.900000 31.660000
1245.100000 1859.200000 18.500000
1238.700000 1848.600000 24.600000
959.680000 1766.400000 1927.970000
653.820000 437.430000 24.200000
574.960000 446.650000 36.710000
589.450000 451.580000 24.560000
617.870000 425.400000 31.070000
627.710000 403.025000 28.285000
642.260000 419.570000 13.460000
574.715000 460.470000 22.195000
654.040000 401.860000 31.470000
349.230000 1029.900000 45.230000
324.630000 1013.000000 41.890000
355.370000 998.955000 42.935000
1800.500000 323.510000 28.460000
164.130000 1982.500000 37.000000
140.240000 1990.800000 43.710000
1667.600000 1534.300000 27.200000
1661.400000 1516.700000 21.300000
1675.300000 1523.100000 31.900000
1651.500000 1533.200000 23.200000
427.610000 1665.300000 52.900000
965.040000 1929.500000 55.050000
982.990000 1971.000000 39.610000
953.540000 1969.400000 28.420000
995.440000 1940.400000 34.400000
933.850000 1947.900000 42.420000
145.160000 1445.000000 40.250000
138.590000 1473.600000 20.430000
163.860000 1450.300000 28.020000
151.565000 1458.150000 23.185000
805.590000 11.153000 2789.018000
1136.100000 1426.200000 35.800000
1193.400000 1457.000000 32.700000
1151.000000 1424.200000 29.700000
1185.900000 1489.500000 33.100000
1158.950000 1468.500000 27.450000
1186.550000 1421.900000 26.650000
1632.150000 313.675000 23.795000
1639.950000 301.525000 27.995000
1601.800000 320.440000 31.540000
1607.800000 338.930000 30.720000
1632.900000 331.500000 27.740000
1620.100000 321.655000 13.835000
1621.550000 298.785000 14.695000
1611.500000 270.340000 14.820000
1601.000000 302.730000 25.000000
1615.300000 309.565000 9.605000
1612.000000 321.720000 12.990000
1427.400000 1496.500000 39.200000
1385.600000 1494.900000 45.700000
1411.800000 1516.000000 30.000000
1374.200000 1522.300000 61.800000
234.330000 694.340000 1107.970000
533.145000 969.580000 19.005000
1127.500000 348.930000 21.220000
531.645000 954.235000 56.040000
541.065000 980.645000 18.000000
548.830000 964.110000 20.050000
523.620000 987.090000 30.100000
552.190000 985.220000 25.400000
1232.700000 1557.600000 28.400000
1207.700000 1564.450000 15.750000
1217.200000 1597.000000 25.800000
1203.700000 1581.800000 21.600000
1217.100000 1570.100000 15.900000
1553.200000 1506.800000 19.500000
1558.800000 1483.800000 17.800000
1552.000000 1492.600000 12.600000
1567.700000 1498.200000 32.900000
1539.800000 1498.900000 23.300000
831.740000 980.020000 42.370000
1422.900000 1698.700000 26.000000
1438.300000 1676.300000 26.600000
1398.300000 1697.600000 35.600000
1415.000000 1681.000000 23.000000
1389.050000 1659.900000 30.050000
1417.300000 1664.000000 31.100000
1760.100000 770.910000 46.710000
1763.800000 793.025000 37.755000
1795.500000 795.740000 16.030000
1791.700000 767.750000 28.610000
1771.850000 806.180000 46.380000
1778.650000 782.050000 14.000000
632.315000 252.385000 53.290000
606.045000 265.725000 50.550000
605.790000 237.580000 31.780000
267.190000 269.650000 46.790000
221.595000 269.100000 44.135000
243.595000 281.455000 27.150000
234.355000 252.950000 26.225000
528.450000 570.625000 36.615000
1698.900000 1813.400000 41.000000
1674.400000 1826.900000 34.200000
1698.600000 1854.400000 26.400000
1702.250000 1836.800000 36.950000
514.650000 20.425000 40.986000
1301.150000 1241.800000 36.250000
570.610000 1346.100000 34.460000
605.280000 1341.200000 23.850000
595.500000 1364.700000 56.700000
567.760000 1305.000000 26.950000
593.150000 1321.000000 36.890000
585.995000 1337.200000 19.195000
585.550000 1275.600000 29.140000
304.480000 1714.600000 41.700000
333.650000 1719.300000 38.890000
1119.700000 668.650000 15.530000
1110.350000 624.960000 19.600000
1132.900000 688.500000 34.260000
1116.650000 694.550000 28.840000
1132.800000 666.030000 22.820000
1104.550000 636.595000 12.525000
1160.900000 703.090000 22.260000
1115.900000 653.715000 8.495000
1104.200000 674.460000 15.390000
1139.100000 638.420000 31.090000
1089.900000 642.230000 29.550000
1092.700000 663.430000 30.160000
1117.000000 634.145000 15.595000
1102.700000 654.755000 9.655000
1112.400000 644.150000 8.840000
1111.600000 661.830000 9.350000
1129.400000 657.055000 18.615000
1124.300000 643.255000 9.295000
1098.600000 644.490000 11.160000
993.990000 633.830000 616.480000
1774.300000 998.160000 15.940000
1777.900000 983.730000 14.770000
1755.200000 992.450000 18.550000
1768.300000 988.160000 18.640000
1930.800000 1347.900000 49.700000