1377.600000 1775.900000 56.200000
1415.300000 1760.400000 47.000000
1436.150000 1769.000000 39.950000
1559.900000 1112.400000 19.600000
1408.500000 1701.600000 40.100000
1404.500000 1744.400000 32.300000
1436.100000 1710.300000 34.600000
1382.600000 1719.000000 44.600000
1466.500000 1754.000000 38.700000
1459.600000 1784.600000 26.700000
1425.600000 1735.000000 28.500000
1532.750000 1727.400000 48.850000
1544.200000 1767.200000 20.500000
1559.400000 1737.500000 44.200000
426.105000 822.395000 57.150000
458.110000 877.100000 42.900000
1470.300000 323.520000 1284.540000
287.795000 1060.700000 16.875000
324.530000 1057.400000 39.640000
320.590000 1051.200000 18.380000
317.510000 1057.400000 5.030000
312.740000 1047.400000 8.840000
311.230000 1053.200000 9.340000
302.520000 1052.300000 13.370000
315.480000 1062.300000 10.330000
1515.600000 1399.800000 49.900000
1532.100000 1399.300000 47.300000
984.905000 1623.900000 38.135000
1037.050000 1587.800000 65.950000
992.110000 1585.600000 40.930000
1017.000000 1601.300000 63.400000
963.465000 1565.000000 35.125000
1622.400000 108.610000 44.690000
1305.450000 1375.850000 1554.810000
922.060000 1223.100000 39.650000
567.100000 264.520000 441.660000
1171.950000 1022.950000 1184.000000
1935.100000 165.050000 75.200000
1948.700000 116.525000 41.375000
706.580000 1172.900000 43.470000
1393.500000 1522.650000 45.250000
713.730000 1202.150000 42.630000
730.730000 178.750000 49.120000
714.210000 175.110000 27.800000
685.310000 1051.600000 49.840000
1153.000000 1482.600000 55.800000
1129.450000 1478.750000 60.300000
1098.200000 1495.450000 62.450000
1138.100000 1318.300000 17.900000
1341.100000 977.500000 2092.256000
862.570000 1269.650000 1738.586000
463.795000 1761.350000 1643.755000
1613.150000 796.285000 18.125000
1294.400000 1853.100000 53.300000
835.890000 1407.600000 57.330000
856.090000 1359.100000 48.600000
1137.050000 884.385000 40.705000
480.630000 1378.700000 47.070000
477.070000 1433.750000 55.610000