1955.050000 457.735000 31.455000
1952.700000 440.720000 30.290000
191.450000 1432.800000 15.680000
197.490000 1440.500000 18.960000
219.810000 1449.100000 16.260000
877.365000 1069.000000 16.255000
863.490000 1075.400000 37.650000
1342.350000 1261.600000 38.850000
1378.600000 1322.650000 25.550000
1361.300000 1289.300000 25.700000
1364.500000 1302.800000 34.500000
628.630000 605.170000 33.500000
519.305000 1103.400000 23.685000
501.050000 1102.900000 30.110000
839.130000 679.240000 41.600000
824.805000 547.650000 24.055000
853.860000 544.255000 27.925000
833.670000 523.400000 26.530000
840.170000 553.270000 19.390000
840.810000 536.805000 15.895000
825.260000 533.980000 22.900000
1451.250000 1080.200000 45.450000
1578.800000 1002.550000 37.010000
706.260000 1337.600000 47.600000
702.730000 1314.300000 49.000000
1303.200000 169.970000 29.680000
1280.900000 159.750000 36.350000
1284.400000 179.060000 17.580000
1234.700000 1576.000000 21.500000
1245.050000 1553.450000 23.900000
1206.550000 1524.950000 24.200000
1256.000000 1506.300000 23.400000
1232.700000 1536.100000 18.200000
1219.500000 1547.750000 24.850000
1257.500000 1536.900000 28.100000
1236.300000 1521.300000 25.200000
1598.600000 1245.100000 19.300000
1585.400000 1235.400000 29.900000
99.052500 1595.250000 53.514500
464.710000 1993.800000 16.720000
455.905000 1967.050000 31.845000
428.410000 1972.300000 31.290000
480.320000 1982.000000 25.910000
449.655000 1982.850000 15.985000
1048.000000 1184.900000 32.700000
1093.900000 1169.200000 30.800000
1039.400000 1130.600000 24.200000
1070.350000 1117.100000 24.750000
1115.200000 1188.900000 36.100000
1018.000000 1151.400000 22.610000
1055.250000 1154.100000 24.350000
1026.100000 1178.100000 45.450000
1094.350000 1227.100000 33.350000
1079.150000 1139.650000 21.000000
1539.100000 334.140000 30.860000
1556.800000 330.170000 25.700000
1427.700000 18.533000 22.537000
1426.500000 5.430000 22.693000
1290.800000 323.115000 31.035000
1274.300000 314.120000 19.170000
1272.700000 290.050000 26.720000
1304.900000 317.190000 25.170000
1290.250000 289.610000 26.960000
1256.300000 299.820000 34.390000
1259.000000 333.840000 24.200000
73.341500 1274.400000 31.814500
28.574000 1304.600000 27.146000
109.950000 1282.300000 30.880000
16.039000 1275.500000 29.612000
87.426000 1239.800000 27.238000
52.324000 1256.200000 32.115000
478.960000 321.190000 29.570000
530.560000 301.955000 20.775000
962.450000 432.280000 38.880000
513.880000 353.730000 38.330000
509.360000 313.260000 18.340000
551.560000 281.130000 21.860000
554.680000 316.150000 29.880000
517.880000 275.450000 31.360000
504.230000 297.060000 22.370000
481.200000 286.375000 29.265000
575.040000 276.880000 27.360000
532.860000 325.140000 35.520000
502.680000 334.205000 27.155000
638.575000 1954.350000 32.935000
646.040000 1980.750000 30.110000
618.310000 1986.900000 32.220000
810.130000 365.050000 13.130000
817.250000 400.470000 5.750000
804.335000 346.620000 19.585000
823.165000 393.265000 3.830000
804.560000 383.890000 19.840000
815.895000 392.990000 6.055000
819.660000 382.560000 8.220000
809.080000 377.180000 6.810000
819.690000 395.220000 4.020000
839.825000 382.625000 17.510000
806.680000 370.910000 6.850000
836.725000 393.510000 14.615000
824.000000 399.370000 5.170000
816.465000 369.665000 20.620000
814.390000 386.470000 6.640000
831.830000 402.670000 5.490000
831.175000 412.095000 14.460000
822.310000 405.855000 6.255000
809.770000 394.230000 11.250000
829.290000 396.010000 4.460000
821.760000 388.170000 4.950000
825.995000 383.385000 11.560000
827.740000 390.560000 5.140000
833.010000 387.895000 7.605000
806.925000 402.800000 15.665000
815.430000 408.690000 11.460000
799.490000 366.820000 7.180000
705.110000 205.280000 39.540000
740.740000 231.460000 33.600000
704.110000 235.860000 27.950000
1720.600000 963.765000 26.515000
1744.050000 983.780000 18.060000
1748.400000 955.580000 34.450000
1741.750000 968.555000 12.995000
1730.100000 961.495000 14.405000
1726.000000 944.810000 24.790000
1736.700000 947.160000 23.840000
1150.750000 1093.250000 28.300000
1163.000000 1056.300000 35.000000
1173.000000 1101.050000 45.150000
1133.300000 1144.800000 32.700000
1164.600000 1127.500000 38.900000
1122.650000 1117.950000 26.700000
896.705000 783.785000 35.450000
871.900000 826.810000 30.630000
907.930000 815.030000 39.540000
924.675000 787.350000 38.755000
328.120000 881.530000 32.000000
306.230000 978.975000 43.155000
317.760000 904.380000 30.880000
295.680000 935.740000 34.290000
297.885000 881.785000 21.330000
88.113000 495.290000 45.589000
119.655000 526.335000 32.520000
61.516000 535.640000 40.890000
92.529500 536.025000 37.175500
68.496000 515.800000 23.104000
1299.900000 813.680000 30.470000
1314.200000 813.885000 26.395000
1648.900000 1529.450000 32.650000
1667.800000 1525.300000 24.300000
1663.700000 1508.800000 34.300000
663.555000 974.125000 43.630000
515.320000 1698.100000 46.880000
500.550000 1654.300000 39.140000
1662.200000 340.360000 53.880000
1642.350000 369.265000 34.775000
1471.250000 1495.000000 63.850000
1494.200000 1503.250000 25.150000
1518.750000 1470.300000 38.350000
1509.150000 1534.900000 34.650000
1483.300000 1525.650000 35.650000
1449.900000 1524.400000 28.900000
1486.200000 1473.300000 22.300000
1624.600000 1816.200000 30.800000
1581.300000 1817.000000 50.300000
1601.200000 1756.800000 29.900000
1575.500000 1783.300000 32.400000
1616.450000 1780.400000 39.450000
1601.250000 1801.100000 18.850000
1296.600000 1691.000000 13.600000
1300.200000 1678.700000 22.800000
1312.500000 1686.700000 24.000000
1309.500000 1698.000000 22.400000
1293.300000 1703.350000 21.250000
1283.400000 1682.250000 21.550000
1782.100000 1062.200000 24.300000
1796.900000 1057.200000 31.400000
1438.000000 1360.600000 13.500000
1422.600000 1391.700000 15.800000
1455.150000 1364.100000 16.350000
1421.900000 1370.600000 21.400000
1423.200000 1353.900000 30.300000
1445.350000 1347.050000 34.200000
1444.500000 1381.500000 24.000000
832.780000 1311.100000 42.720000
1165.250000 952.880000 36.720000
1188.700000 944.620000 30.080000
1068.500000 158.245000 41.125000
1097.700000 146.870000 31.820000
1128.200000 114.270000 30.331000
1064.300000 193.660000 48.020000
1089.950000 189.980000 42.450000
430.390000 881.550000 28.520000
416.235000 875.910000 21.795000
393.880000 882.570000 30.490000
407.790000 890.330000 24.040000
362.860000 866.030000 21.790000
422.630000 897.250000 32.440000