1029.600000 1335.500000 36.600000
1002.950000 1325.750000 37.750000
96.176000 335.750000 38.651000
112.870000 371.230000 26.480000
1280.400000 433.475000 43.095000
1255.800000 443.075000 37.855000
344.550000 186.090000 37.640000
321.595000 185.200000 26.905000
336.740000 215.050000 38.660000
729.400000 1576.100000 40.570000
550.080000 1810.900000 26.640000
757.635000 1587.100000 28.765000
771.330000 1615.250000 51.310000
570.750000 1791.200000 23.890000
741.070000 1609.900000 39.550000
802.010000 1592.400000 43.840000
775.245000 1544.500000 49.745000
777.560000 18.598000 41.030000
1497.550000 1964.000000 38.150000
1872.900000 823.810000 43.020000
52.609000 1774.500000 40.782000
48.438000 1749.300000 42.382000
33.750000 1766.000000 39.596000
1947.000000 1368.100000 49.600000
1977.400000 1050.300000 40.600000
305.300000 692.510000 24.130000
303.090000 681.705000 35.265000
1260.100000 130.120000 40.350000
1237.100000 143.130000 68.200000
1197.300000 965.100000 38.790000
1216.350000 978.200000 21.290000
1405.200000 1680.900000 46.900000
1427.800000 1681.500000 54.700000
899.930000 1028.900000 57.770000
276.470000 536.195000 32.755000
308.640000 531.925000 35.025000
287.040000 509.050000 42.330000
319.740000 508.120000 42.160000
1476.300000 180.590000 201.230000
1901.600000 1608.000000 45.400000
1525.700000 840.790000 39.180000
1502.100000 846.640000 39.840000
1614.650000 460.790000 52.090000
1598.700000 467.690000 36.110000
423.880000 1798.650000 43.500000
1461.900000 1243.200000 46.700000
1355.500000 42.922000 1774.278000
1752.850000 239.210000 81.270000
1303.400000 1362.300000 38.100000
1352.900000 1456.200000 48.900000
87.984500 1893.000000 47.332500
1158.400000 1215.450000 23.650000
1158.600000 1194.800000 33.100000
1151.600000 1170.450000 33.150000
1143.050000 1231.300000 24.550000
1151.900000 1225.800000 20.700000
1187.300000 1239.400000 28.600000
1159.700000 1232.200000 13.200000
1503.800000 59.898000 73.292000
47.275500 868.495000 829.999500
664.050000 1963.950000 39.680000
686.750000 1943.000000 25.960000
125.930000 122.550000 44.676000
89.871000 108.270000 35.200000
1063.900000 552.880000 1492.430000
1113.050000 1969.100000 72.050000
1071.000000 1985.400000 23.300000
1075.100000 391.640000 13.540000
1090.350000 385.880000 11.230000
1082.300000 395.175000 6.295000
1087.100000 409.910000 9.790000
1077.800000 380.000000 13.880000
1079.600000 402.710000 18.470000
1095.000000 391.660000 11.810000
1089.100000 392.845000 4.645000
1092.700000 398.560000 13.320000
1097.900000 385.280000 12.920000
1084.800000 386.280000 6.870000
398.410000 1031.300000 39.480000
392.270000 1054.650000 42.990000
1656.000000 1012.400000 49.380000
1697.050000 994.655000 35.995000
890.495000 591.090000 39.495000
852.980000 635.440000 51.240000
896.280000 615.740000 34.040000
1782.650000 1822.350000 67.600000
1761.200000 1812.850000 32.150000
1744.700000 354.650000 49.320000
1754.900000 1835.400000 63.400000