1003.200000 491.650000 26.520000
1948.750000 557.800000 25.130000
1425.650000 1625.450000 53.000000
173.150000 906.050000 22.590000
182.845000 920.275000 27.470000
154.600000 938.910000 30.460000
189.645000 906.415000 29.540000
1918.400000 819.790000 34.200000
1920.200000 835.420000 30.050000
508.330000 1362.800000 31.980000
562.070000 1395.750000 32.520000
503.540000 1430.200000 34.340000
529.170000 1385.700000 20.600000
485.440000 1336.000000 46.040000
546.820000 1422.600000 32.300000
523.560000 1407.200000 20.020000
498.185000 1392.900000 25.665000
549.390000 1361.500000 40.140000
1609.600000 1979.600000 28.400000
396.690000 1572.250000 38.210000
386.590000 1603.700000 40.640000
416.460000 1580.400000 30.820000
415.280000 1604.200000 31.100000
444.660000 1598.400000 38.200000
934.555000 1844.200000 21.325000
915.060000 1865.800000 24.280000
944.950000 1826.500000 22.340000
931.200000 1832.800000 23.120000
942.680000 1835.450000 10.370000
953.870000 1830.600000 22.370000
232.910000 559.540000 25.340000
218.840000 536.610000 19.880000
202.340000 561.880000 30.850000
246.655000 542.150000 25.825000
225.090000 587.295000 34.495000
1656.300000 604.690000 36.660000
1696.650000 626.895000 33.705000
1671.550000 641.480000 33.790000
1798.300000 281.225000 33.825000
1801.150000 232.845000 31.225000
1787.300000 256.310000 27.560000
1815.400000 259.000000 37.630000
327.380000 1836.400000 20.340000
312.100000 1856.500000 20.030000
283.755000 1845.200000 29.405000
322.120000 1875.700000 35.610000
293.570000 1810.500000 33.010000
307.580000 1833.300000 16.430000
302.125000 1873.650000 24.565000
345.600000 1865.200000 27.080000
505.485000 230.220000 49.135000
533.430000 229.540000 29.630000
1691.400000 515.870000 27.450000
1671.000000 498.540000 38.730000
1699.700000 491.310000 38.770000
979.530000 1085.400000 42.570000
1295.150000 1885.800000 26.650000
1288.300000 1866.550000 26.850000
1304.100000 1871.100000 22.000000
214.640000 1256.800000 32.680000
189.820000 1239.700000 25.240000
187.360000 1262.250000 18.490000
194.390000 1276.300000 18.550000
197.805000 1250.150000 13.315000
168.550000 1251.000000 25.820000
214.040000 1276.550000 20.490000
209.810000 1228.950000 26.530000
202.540000 1264.500000 11.380000
197.830000 1288.800000 25.530000
77.479000 1812.000000 27.911000
50.541000 1785.300000 21.247000
78.461000 1763.450000 30.402000
62.484000 1759.000000 16.506000
47.936000 1760.900000 30.317000
65.543000 1774.800000 18.170000
697.155000 425.720000 42.555000
693.185000 446.380000 43.045000
1870.600000 1646.600000 28.100000
1857.600000 1677.000000 28.000000
1865.800000 1664.800000 24.500000
1855.250000 1657.650000 15.500000
1843.250000 1646.750000 14.200000
1846.850000 1663.150000 19.700000
317.030000 32.121000 32.916000
317.040000 52.727000 28.604000
365.810000 90.137000 35.706000
350.000000 68.784500 28.841500
19.783000 1595.500000 12.701000
1976.150000 1225.100000 51.550000
19.454500 1614.650000 11.938500
15.018500 1584.600000 19.618500
10.135000 1642.400000 4.617000
15.727000 1603.100000 12.582000
7.748000 1597.000000 12.630000
19.145500 1627.250000 12.228500
9.121000 1611.250000 11.784000
20.182000 1568.500000 30.914000
34.051000 1600.900000 20.732000
1543.100000 1131.800000 35.200000
1509.350000 1158.650000 26.300000
1511.500000 1133.500000 24.200000
1530.850000 1114.000000 30.450000
206.880000 1046.800000 35.280000
248.325000 1030.400000 44.625000
220.545000 1013.500000 30.415000
174.260000 1033.000000 38.080000
225.220000 1071.000000 37.820000
725.155000 1427.200000 25.305000
1641.800000 1167.800000 38.600000
1189.700000 922.250000 38.790000
1182.700000 905.930000 36.590000
98.236000 965.160000 20.677000
110.285000 1009.100000 35.035000
96.770000 991.240000 14.977000
80.502000 991.140000 33.146000
115.230000 987.525000 31.165000
85.506000 1016.500000 34.194000
1749.900000 1645.650000 32.150000
1751.250000 1660.400000 20.550000
1786.900000 1676.400000 27.500000
1757.700000 1673.900000 27.900000
1776.900000 1636.000000 22.600000
1766.000000 1653.700000 20.500000
172.980000 679.770000 17.450000
200.160000 707.745000 26.045000
185.550000 692.930000 13.920000
216.220000 680.160000 32.030000
197.515000 683.395000 14.420000
187.610000 668.905000 27.365000
170.810000 699.630000 30.830000
364.170000 221.270000 48.610000
787.010000 1039.400000 32.980000
635.740000 1928.500000 27.620000
1798.800000 1255.100000 27.700000
604.640000 1925.500000 22.270000
1002.600000 1991.100000 36.200000
589.570000 1934.100000 23.640000
614.550000 1906.700000 34.820000
616.145000 1942.650000 20.425000
575.825000 1906.150000 44.935000
613.300000 762.410000 24.450000
1025.900000 1233.700000 21.300000
1019.000000 1214.500000 22.900000
996.660000 1245.800000 39.070000
1005.850000 1223.500000 30.170000
999.170000 1204.000000 35.080000
1274.500000 133.980000 11.980000
1273.150000 155.645000 30.095000
1295.200000 105.850000 26.727000
1260.350000 146.660000 23.490000
1279.300000 143.350000 19.170000
1293.200000 133.455000 20.865000
1275.500000 124.600000 33.500000
1134.800000 1783.300000 37.000000
1183.000000 1778.800000 21.600000
1151.400000 1745.700000 31.400000
1163.400000 1789.700000 39.000000
1170.800000 1761.000000 21.700000
1151.100000 1771.400000 17.400000
373.080000 1391.200000 33.390000
411.600000 1385.450000 53.500000
389.230000 1370.550000 43.880000
1129.100000 1321.600000 9.500000
1136.200000 1334.200000 28.000000
1125.550000 1298.700000 36.650000
1139.600000 1312.100000 24.300000
1101.000000 1325.100000 19.200000
1116.500000 1319.000000 17.200000
1127.900000 1311.400000 11.400000
1118.550000 1330.250000 13.200000
1105.100000 1345.050000 23.750000