250.385000 1535.050000 51.155000
215.615000 1509.450000 47.505000
106.240000 1569.350000 46.570000
133.580000 1561.950000 37.070000
470.000000 378.285000 40.965000
864.840000 553.260000 39.640000
883.920000 590.770000 42.570000
901.760000 564.930000 38.940000
1726.500000 1897.000000 54.100000
1731.450000 1876.650000 44.700000
1072.150000 1576.950000 49.900000
1064.100000 1555.600000 51.400000
842.560000 1084.150000 40.880000
840.460000 1101.200000 21.920000
841.275000 1111.700000 23.685000
745.495000 559.830000 53.995000
761.390000 603.420000 57.140000
1412.900000 1870.100000 45.000000
547.145000 904.515000 49.640000
441.320000 986.970000 45.080000
458.565000 953.515000 45.100000
482.220000 979.905000 50.195000
1852.400000 1823.500000 26.000000
1868.800000 1806.200000 30.600000
1845.500000 1798.100000 36.800000
1826.200000 1834.900000 42.700000
1116.700000 586.125000 35.565000
908.150000 432.620000 51.250000
945.855000 1005.100000 35.535000
914.760000 1006.650000 29.410000
940.610000 1016.400000 22.550000
958.640000 1010.300000 27.940000
1309.900000 461.800000 44.650000
1305.100000 482.580000 36.520000
469.150000 277.550000 62.020000
734.590000 1631.800000 40.810000
1716.400000 1347.800000 48.700000
1736.750000 1332.950000 50.000000
1755.550000 1357.600000 38.150000
1727.100000 1372.600000 41.700000
1779.500000 1975.700000 46.100000
1803.100000 1974.100000 41.600000
599.950000 1696.800000 36.690000
623.730000 1685.650000 43.410000
84.984500 127.860000 32.235500
605.035000 1169.850000 36.675000
610.655000 1156.350000 31.815000
558.150000 1424.100000 35.810000
596.960000 1442.100000 27.480000
545.960000 1405.500000 27.430000
577.930000 1409.600000 32.560000
616.270000 1464.650000 22.210000
615.620000 1427.900000 31.340000
637.620000 1452.900000 25.120000
707.310000 958.555000 42.095000
731.090000 964.860000 42.710000
721.720000 931.950000 44.400000
750.965000 939.860000 44.475000
809.760000 887.470000 40.470000
813.175000 871.350000 34.105000
945.945000 1883.950000 31.025000
931.310000 1891.850000 38.840000
1645.500000 213.080000 47.970000
1656.700000 178.580000 43.980000
1610.900000 184.790000 45.220000
1689.450000 162.525000 48.985000
1625.900000 255.420000 56.640000
1636.800000 143.580000 49.260000
1372.000000 103.040000 31.190000
1391.200000 115.520000 30.970000
1411.300000 74.461000 49.832000
1396.000000 74.270000 23.664000
1381.250000 87.283500 22.498500
1397.400000 96.518000 26.952000
1458.400000 865.655000 48.055000
1494.200000 879.830000 46.190000
1470.650000 897.625000 36.465000
1983.150000 1764.750000 32.400000
1487.900000 503.970000 48.900000
1507.800000 479.725000 36.315000
1523.100000 506.225000 30.125000
262.920000 703.370000 47.670000
258.310000 734.480000 64.940000
411.185000 1323.150000 37.975000
437.735000 1301.200000 45.615000
377.630000 1281.900000 36.260000
411.140000 1298.750000 46.170000
869.905000 1211.250000 36.105000
881.300000 1197.600000 36.930000
1030.300000 166.490000 48.560000
1577.200000 736.130000 37.390000
1546.100000 732.870000 34.070000
544.910000 480.490000 52.040000
1908.700000 1563.300000 39.800000
1926.900000 1542.700000 41.300000
1929.600000 1574.050000 37.250000
147.030000 762.920000 48.290000
113.750000 815.535000 40.405000
152.180000 827.980000 38.300000
194.310000 806.330000 42.230000
108.570000 780.270000 45.484000
165.620000 793.570000 26.850000
199.560000 768.790000 54.950000
138.670000 803.400000 22.640000
153.385000 859.015000 35.500000
327.830000 9.113000 14.613000
338.770000 21.428000 28.256000
314.420000 19.262000 28.218000
323.855000 34.709000 31.220000
343.630000 7.783000 24.599000
25.060000 1487.100000 32.593000
44.197000 1469.750000 29.896000
49.747500 1495.000000 39.045500
31.096000 1447.600000 30.083000
1919.100000 314.240000 34.340000
1714.000000 505.090000 34.430000
1735.700000 492.680000 25.750000
1730.000000 511.100000 35.700000
275.365000 1106.000000 42.795000
292.975000 1189.350000 41.045000
309.645000 1141.400000 43.655000
285.595000 1157.900000 38.255000
195.210000 1974.600000 30.020000
209.850000 1987.250000 29.620000
168.560000 1986.850000 35.180000
224.630000 1986.800000 41.900000
187.330000 1993.350000 19.190000
1836.500000 1433.700000 57.600000
