1863.100000 1331.500000 20.000000
1883.500000 1334.600000 19.500000
1852.700000 1306.400000 21.600000
1866.200000 1319.400000 15.900000
1848.100000 1320.000000 20.200000
1880.350000 1309.250000 30.700000
1872.500000 1291.500000 29.200000
133.690000 1494.100000 42.900000
1372.650000 225.675000 16.425000
108.265000 1842.600000 22.695000
928.600000 1478.100000 50.890000
945.870000 1513.650000 52.410000
554.340000 1825.300000 19.070000
549.910000 1835.900000 23.680000
1022.100000 1293.300000 8.400000
1027.400000 1287.500000 9.200000
1028.500000 1297.800000 24.400000
1026.500000 1281.150000 15.550000
1019.300000 1286.600000 18.400000
781.350000 1567.800000 29.940000
1714.050000 1333.100000 16.650000
1699.900000 1323.600000 20.400000
839.150000 411.200000 34.400000
819.950000 409.300000 29.610000
1866.000000 1713.800000 28.800000
1872.900000 1732.600000 18.900000
1250.000000 1682.950000 34.050000
1278.300000 1679.450000 45.750000
1299.600000 1899.950000 25.350000
1264.650000 1904.300000 34.550000
1283.750000 1928.550000 22.200000
1269.100000 1871.800000 31.800000
1288.700000 1882.900000 27.400000
730.635000 461.365000 46.600000
746.820000 1779.100000 21.500000
747.355000 492.920000 27.215000
717.600000 480.740000 40.040000
1341.750000 937.475000 24.405000
1324.750000 976.435000 23.625000
1339.800000 962.410000 38.230000
1316.000000 954.940000 22.110000
132.650000 183.420000 28.090000
1892.750000 489.950000 36.800000
1864.400000 468.610000 52.450000
697.870000 1275.600000 28.510000
1870.450000 437.115000 40.875000
356.435000 1732.400000 25.635000
382.280000 1726.600000 26.400000
365.920000 1747.800000 20.250000
351.075000 1749.750000 25.995000
342.010000 1737.900000 18.190000
1731.600000 1931.950000 28.650000
1715.300000 1913.300000 26.500000
1753.000000 1919.150000 34.050000
1024.700000 508.490000 23.850000
978.850000 467.620000 26.260000
1005.800000 501.210000 27.850000
1032.250000 492.495000 24.295000
1001.600000 515.740000 35.630000
961.735000 478.575000 18.100000
1025.300000 525.940000 27.770000
1012.150000 475.670000 16.050000
1017.750000 498.085000 15.535000
497.910000 1646.100000 34.750000
412.585000 1627.000000 16.465000
485.585000 1668.450000 21.505000
432.675000 1682.250000 27.615000
432.500000 1632.600000 26.770000
464.370000 1670.500000 21.230000
427.520000 1712.850000 39.090000
496.080000 1698.300000 25.290000
395.590000 1674.750000 34.150000
468.090000 1706.500000 31.470000
467.420000 1641.900000 45.330000
445.760000 1657.900000 18.270000
475.370000 1686.000000 24.140000
385.100000 1634.100000 42.950000
513.745000 1678.550000 21.335000
410.280000 1653.900000 20.600000
273.025000 1520.800000 20.885000
284.620000 1527.700000 17.050000
312.075000 1517.100000 36.375000
273.750000 1509.700000 14.580000
278.975000 1488.800000 22.865000
289.680000 1506.400000 14.600000
283.240000 1514.700000 9.550000
293.845000 1543.050000 25.055000
294.950000 1522.800000 16.830000
270.220000 1498.450000 18.100000
295.340000 1494.900000 18.480000
1433.300000 427.250000 24.770000
1407.000000 431.300000 27.730000
1419.500000 408.580000 27.320000
1451.300000 418.500000 36.110000
374.910000 314.140000 18.420000
394.160000 335.080000 18.600000
372.975000 326.765000 20.740000
369.250000 342.550000 30.320000
386.440000 322.550000 18.280000
382.280000 335.625000 16.145000
556.360000 52.315000 46.164000
579.905000 114.470000 25.415000
737.420000 246.020000 15.700000
564.400000 83.910000 43.482000
545.450000 132.150000 36.980000
555.840000 108.735000 23.835000
546.810000 33.476000 32.209000
1126.200000 1316.600000 41.900000
1140.000000 1282.600000 26.900000
1144.850000 1297.200000 22.750000
1114.600000 1290.100000 37.800000
1216.200000 537.130000 29.380000
1221.800000 525.345000 23.925000
1284.200000 43.143000 9.271000
1267.900000 41.172000 20.237000
1285.200000 33.904000 15.780000
1295.400000 40.455500 10.853500
1291.500000 50.693000 16.747000
1280.500000 47.721000 16.114000
1305.800000 45.922000 25.806000
1431.800000 1418.750000 31.850000
1422.700000 1441.200000 29.400000
1412.600000 1422.300000 23.900000
87.534500 801.930000 22.975500
91.271500 775.500000 21.983500
109.900000 790.780000 25.620000
68.095000 772.655000 20.553000
109.220000 763.610000 34.440000
78.741000 750.950000 29.026000
1098.500000 1115.700000 27.800000
1091.350000 1129.900000 27.750000
112.440000 1163.200000 28.910000
139.000000 1128.900000 24.710000
144.235000 1059.700000 30.655000
129.020000 1071.550000 34.080000
146.190000 1083.200000 17.220000
163.780000 1073.500000 26.450000
151.230000 1102.000000 39.510000
102.380000 1134.100000 35.370000
1928.200000 1069.650000 14.350000
1915.100000 1057.700000 22.600000
1931.200000 1059.500000 9.500000
1927.250000 1083.950000 34.300000
1928.500000 1049.500000 35.800000
1943.700000 1059.600000 43.500000
1751.800000 349.580000 18.180000
1724.250000 347.985000 20.065000
1785.400000 309.930000 27.410000
1734.700000 326.200000 18.270000
1739.150000 370.200000 28.450000
1767.000000 368.290000 29.330000
1797.200000 352.210000 44.640000
1713.800000 400.650000 21.610000
1774.300000 335.040000 21.620000
1699.500000 357.450000 29.380000
1755.500000 306.200000 35.160000
1749.600000 334.140000 18.840000
1705.650000 379.870000 23.300000
1016.900000 46.630000 33.043000
1032.400000 73.063000 34.465000
1949.500000 771.955000 29.115000
1981.900000 896.880000 31.240000
1977.950000 728.415000 30.445000
1981.700000 788.790000 38.640000
1985.300000 760.520000 28.150000
1989.100000 852.840000 40.610000
1927.950000 749.895000 31.185000
1458.100000 290.250000 34.120000
1503.000000 302.100000 21.950000
1512.050000 256.660000 30.930000
1484.600000 321.830000 32.550000
1477.700000 276.100000 32.730000
1496.950000 286.885000 21.685000
1475.300000 301.890000 20.240000
1139.300000 415.670000 10.030000
1139.300000 388.020000 10.500000
1155.900000 404.650000 10.080000
1151.500000 411.800000 11.080000
1061.300000 316.110000 7.280000
1138.950000 396.405000 8.505000
1110.500000 431.300000 25.840000
1148.150000 401.480000 6.880000
1149.800000 380.720000 24.230000
1159.900000 425.950000 23.700000
1152.800000 397.165000 6.625000
1156.050000 390.725000 12.885000
1102.200000 367.580000 22.020000
1122.800000 411.730000 16.170000
1129.800000 375.350000 18.060000
1183.800000 409.690000 22.990000
1060.600000 329.745000 16.375000
1146.100000 393.500000 8.140000
1186.050000 368.160000 12.840000
1138.000000 421.920000 32.260000
1143.200000 405.230000 6.910000
1045.450000 313.375000 18.185000
1199.450000 389.460000 19.390000
1134.700000 407.130000 8.370000
1128.500000 396.665000 25.335000
1164.700000 399.080000 16.720000
1073.550000 345.270000 24.390000
1074.200000 333.180000 11.600000
1175.400000 383.550000 13.240000
48.453000 1274.700000 30.529000
59.276000 1256.450000 25.968000
80.756000 1263.800000 42.891000
66.133000 1276.500000 33.224000
1887.700000 338.940000 21.700000
1923.200000 380.735000 31.245000
1919.350000 352.935000 43.085000
1892.650000 378.155000 29.475000
1867.550000 361.400000 19.860000