163.600000 874.380000 37.700000
947.180000 336.210000 30.650000
1250.650000 1129.900000 58.250000
1802.900000 1908.700000 55.600000
1851.000000 1915.150000 57.550000
304.945000 776.415000 34.240000
718.540000 502.060000 58.050000
729.730000 475.790000 44.200000
1941.100000 413.190000 16.600000
1443.250000 1836.400000 50.650000
1491.000000 1842.100000 45.200000
1455.250000 1795.500000 41.450000
1924.200000 1776.350000 27.250000
44.728500 34.465000 44.958500
78.561000 45.350000 52.513000
59.615000 74.996000 44.380000
1150.100000 954.710000 45.840000
1142.400000 971.160000 30.240000
1670.550000 299.965000 51.655000
975.710000 1303.700000 55.960000
1067.800000 1308.600000 53.700000
946.605000 1287.000000 29.725000
1007.300000 1292.450000 25.920000
977.860000 1263.900000 29.470000
1021.700000 1273.800000 37.600000
1048.700000 1323.400000 44.300000
1033.800000 1298.500000 31.100000
1009.500000 1317.100000 43.400000
268.385000 980.670000 43.545000
292.125000 970.470000 36.745000
435.100000 898.250000 32.060000
433.825000 907.385000 22.430000
629.730000 146.840000 42.450000
596.960000 179.590000 42.350000
626.105000 185.040000 30.435000
608.500000 156.940000 38.190000
578.060000 132.690000 47.020000
482.610000 1439.400000 43.370000
1386.200000 1060.150000 50.950000
1413.800000 1077.600000 32.400000
1390.600000 1082.700000 35.900000
1736.600000 568.075000 32.005000
1742.100000 576.820000 17.930000
1735.400000 588.290000 22.400000
996.750000 780.350000 25.920000
983.060000 763.860000 26.010000
1009.750000 741.735000 33.755000
985.080000 813.605000 27.705000
990.720000 743.285000 38.485000
1003.400000 759.090000 30.260000
703.410000 695.730000 26.260000
444.200000 1912.850000 47.810000
1159.500000 468.960000 55.740000
1463.800000 699.790000 24.760000
1181.300000 460.430000 44.010000
1351.950000 1703.600000 57.850000
1349.700000 1740.900000 64.400000
1527.700000 1135.800000 35.400000
1180.400000 67.738000 36.060000
1187.800000 89.602000 53.658000
659.325000 1061.850000 18.195000
656.720000 1050.300000 28.740000
225.715000 1550.350000 36.195000
221.365000 1566.450000 32.965000
432.700000 1118.750000 48.920000
1947.250000 161.225000 19.415000
466.345000 1142.000000 49.645000
340.770000 206.450000 51.730000
368.270000 221.640000 34.590000
353.320000 180.605000 41.595000
379.795000 198.460000 38.995000
78.499000 1774.950000 53.355000
106.945000 1762.600000 50.695000
1463.000000 930.100000 48.300000
745.960000 52.994000 28.989000
734.680000 50.230500 26.487500
1315.850000 1441.250000 29.600000
1327.400000 1465.200000 30.300000
1338.000000 1447.400000 46.700000
1307.500000 1462.400000 52.300000
1430.000000 16.277000 53.142000
1388.400000 31.268000 53.443000
1465.200000 25.914000 64.805000
1909.000000 367.780000 66.110000
1881.500000 383.720000 44.060000
933.670000 1615.900000 35.800000
871.060000 1915.800000 69.580000
1691.000000 1757.500000 45.700000
1649.100000 1772.600000 40.000000
1688.250000 1742.600000 35.750000
480.550000 560.770000 22.550000
490.520000 554.980000 22.900000
469.950000 563.580000 21.340000
480.920000 544.450000 24.490000
507.450000 547.145000 17.595000
1760.600000 1379.800000 38.200000
1742.900000 1367.200000 33.100000
242.550000 1249.150000 64.780000
818.840000 809.120000 23.870000
571.555000 940.485000 25.820000
402.755000 303.855000 39.770000
463.105000 311.990000 42.495000
774.730000 1912.200000 40.090000
756.780000 1922.500000 23.670000
