1625.900000 1740.500000 71.600000
1890.800000 634.440000 59.710000
1365.700000 601.520000 21.600000
1822.100000 1848.000000 62.300000
168.400000 955.445000 16.605000
76.319500 557.690000 30.557500
106.820000 1441.150000 32.750000
1695.700000 896.750000 33.710000
477.275000 1025.200000 52.125000
508.580000 1141.100000 79.800000
550.660000 1207.200000 48.390000
489.130000 1095.100000 51.730000
533.415000 1091.450000 69.815000
1136.250000 1368.950000 22.100000
1147.600000 1350.000000 22.800000
1128.400000 1339.000000 47.300000
1116.000000 1394.000000 48.100000
1147.850000 1320.950000 39.200000
1825.300000 369.660000 50.600000
1765.300000 427.210000 28.320000
1802.600000 405.480000 68.570000
1736.300000 437.010000 51.270000
451.720000 1617.800000 55.210000
468.860000 1517.350000 35.680000
712.945000 89.285500 45.984500
404.140000 1555.300000 52.060000
438.660000 1553.700000 37.280000
424.850000 1524.800000 27.510000
405.910000 1499.300000 46.460000
454.895000 1600.350000 46.625000
1881.300000 1394.700000 46.500000
570.220000 1914.300000 22.190000
563.195000 1925.450000 22.655000
631.000000 792.510000 1012.150000
1362.500000 830.290000 79.090000
488.090000 901.060000 47.330000
1010.000000 1871.300000 72.750000
1052.600000 1922.900000 67.900000
1060.550000 1885.200000 30.550000
995.600000 1904.600000 79.200000
357.660000 1936.700000 72.850000
103.150000 1950.200000 63.270000
27.890500 1859.850000 32.444500
18.960000 1908.850000 35.549000
41.257500 1940.300000 40.786500
1609.800000 1620.700000 66.700000
1081.100000 341.020000 43.960000
1930.950000 955.900000 55.610000
1146.800000 1219.000000 68.500000
1175.650000 1235.000000 70.050000
1174.450000 1199.100000 62.550000
1318.300000 1157.800000 46.000000
1277.500000 188.480000 40.340000
1273.800000 216.900000 41.020000
1264.700000 1865.800000 832.800000