1271.200000 228.810000 26.100000
1278.300000 204.705000 48.475000
1298.200000 237.470000 39.280000
1028.500000 1828.350000 1890.360000
1623.150000 883.470000 39.880000
1647.150000 1507.550000 42.900000
1644.900000 1590.150000 58.750000
1612.100000 1496.550000 46.450000
1584.400000 1605.100000 54.800000
1628.200000 1554.300000 44.500000
458.810000 738.540000 33.690000
667.520000 1926.450000 31.850000
1858.950000 1555.950000 41.900000
1860.600000 1523.500000 50.600000
1097.200000 58.891000 57.119000
1089.850000 25.390500 47.083500
489.050000 198.070000 39.170000
494.415000 234.460000 38.045000
1677.600000 1708.450000 38.250000
1768.800000 1150.200000 35.500000
1789.100000 1157.550000 33.750000
259.555000 1424.200000 44.785000
385.830000 882.380000 43.170000
93.596000 748.190000 49.744000
458.720000 597.680000 933.470000
1421.900000 1515.100000 43.900000
1393.000000 1534.900000 23.700000
1408.700000 1552.500000 41.800000
1385.700000 1511.400000 27.700000
1256.500000 1751.000000 25.700000
1368.650000 1548.450000 56.400000
1925.550000 1380.450000 26.900000
1976.600000 1384.600000 18.900000
1894.500000 1302.650000 37.450000
1838.050000 1401.150000 35.500000
1982.400000 1284.800000 29.500000
1887.900000 1347.600000 27.400000
1957.600000 1344.700000 18.600000
1979.100000 1327.400000 28.300000
1913.700000 1356.600000 16.800000
1849.400000 1326.000000 31.600000
1904.300000 1338.400000 20.900000
1846.000000 1370.100000 27.900000
1929.700000 1338.350000 16.350000
1961.100000 1266.400000 29.900000
1945.200000 1358.900000 12.600000
1918.500000 1328.400000 12.400000
1937.600000 1375.400000 14.100000
1861.400000 1364.100000 25.400000
1933.800000 1357.000000 15.000000
1927.500000 1316.500000 24.400000
1901.700000 1381.800000 26.600000
1960.950000 1307.550000 21.200000
1949.050000 1394.950000 37.200000
1973.850000 1360.750000 27.200000
1924.900000 1281.900000 34.100000
1874.000000 1394.950000 22.850000
1888.100000 1366.650000 18.450000
1946.100000 1324.500000 16.700000
1954.400000 1373.400000 15.200000
22.530000 1028.150000 46.916000
368.420000 1664.650000 95.740000
998.655000 692.970000 18.925000
1371.400000 850.850000 999.060000
358.440000 94.303000 65.000000
582.200000 1511.600000 18.840000
653.760000 125.360000 43.540000
1567.650000 494.920000 40.250000
1529.850000 474.725000 37.785000
1199.450000 1210.150000 1347.500000
1598.900000 651.320000 24.270000
1582.700000 656.150000 31.340000
1370.300000 428.730000 31.590000
1370.200000 358.135000 33.695000
1391.700000 389.830000 33.960000
1984.850000 794.000000 47.910000
412.065000 1541.600000 61.185000
1803.900000 26.723000 40.591000
1805.000000 46.893000 18.022000
1819.700000 39.736000 34.083000