1223.100000 152.440000 45.470000
669.590000 1006.250000 79.780000
1438.100000 1299.100000 1623.120000
1467.000000 1456.300000 1567.110000
753.310000 308.690000 73.190000
775.040000 310.355000 66.365000
940.705000 1081.150000 72.555000
948.870000 1115.400000 76.530000
1808.700000 1064.400000 43.700000
1417.600000 1913.400000 59.000000
330.840000 1349.400000 27.410000
315.975000 1345.250000 21.925000
327.880000 1323.850000 41.700000
1364.950000 1381.500000 51.450000
1330.300000 1323.500000 61.000000
1361.550000 1272.900000 47.750000
879.500000 241.940000 56.610000
305.695000 834.315000 72.930000
392.920000 814.350000 29.300000
386.930000 777.690000 40.290000
321.410000 772.920000 40.330000
333.430000 823.610000 26.560000
355.850000 798.100000 24.660000
312.675000 866.590000 41.845000
429.520000 815.225000 40.755000
375.440000 834.410000 45.550000
333.420000 847.250000 28.160000
409.000000 839.560000 54.590000
873.655000 529.890000 25.395000
861.070000 526.120000 36.680000
884.660000 525.285000 63.435000
688.540000 1796.900000 66.040000
642.160000 378.900000 69.550000
345.310000 430.970000 54.830000
1445.650000 519.790000 56.730000
215.630000 1975.400000 56.810000
228.240000 1994.850000 32.720000
240.020000 1980.950000 37.930000
1904.700000 1518.500000 25.400000
1926.800000 1506.900000 55.600000
245.940000 43.313000 47.292000
59.050500 139.650000 68.026500
486.630000 137.500000 40.910000
485.210000 148.765000 26.035000
1298.200000 1579.400000 41.900000
1321.300000 1590.100000 42.000000
1877.400000 1800.700000 46.300000
1884.400000 1774.400000 56.600000
1852.200000 1816.400000 38.200000
1862.150000 1752.900000 44.250000
1839.200000 1779.800000 37.200000
1575.300000 814.795000 52.595000
1567.100000 838.845000 38.175000