160.315000 867.020000 36.435000
168.530000 882.170000 34.840000
947.180000 336.210000 30.650000
1247.000000 1127.100000 41.200000
1277.600000 1147.600000 27.400000
1848.200000 1920.000000 29.400000
1832.850000 1892.900000 33.650000
1863.350000 1911.300000 41.350000
1801.600000 1909.300000 53.700000
304.945000 776.415000 34.240000
714.550000 504.120000 52.000000
1941.100000 413.190000 16.600000
739.560000 462.920000 27.450000
729.090000 496.490000 28.870000
715.860000 481.825000 36.365000
1421.650000 1842.200000 38.850000
1442.300000 1825.700000 36.800000
1497.000000 1834.200000 44.100000
1464.100000 1842.800000 37.400000
1454.550000 1791.850000 38.600000
1924.200000 1776.350000 27.250000
77.168000 44.448500 32.757500
36.370000 44.394500 26.670500
51.063000 23.910000 24.270000
57.145000 74.996000 39.250000
82.745000 73.261500 30.315500
1165.050000 960.785000 27.545000
1141.900000 971.470000 28.760000
1145.200000 953.630000 38.710000
1665.700000 298.065000 33.365000
1676.300000 304.425000 21.545000
1685.350000 297.915000 34.805000
1061.400000 1319.400000 28.200000
1016.900000 1285.600000 17.800000
946.640000 1287.100000 29.660000
1048.200000 1314.200000 16.400000
970.180000 1261.300000 26.960000
994.030000 1327.300000 50.680000
1083.200000 1308.400000 38.100000
975.340000 1294.200000 35.710000
1026.600000 1266.700000 25.600000
1004.600000 1294.900000 22.560000
1036.050000 1294.900000 32.150000
1034.800000 1332.400000 37.000000
992.070000 1271.000000 27.390000
1066.900000 1297.650000 23.650000
1021.500000 1309.600000 17.400000
290.280000 962.440000 22.310000
306.015000 969.600000 21.985000
287.290000 977.210000 34.410000
264.300000 980.020000 40.110000
432.755000 900.255000 31.720000
440.260000 907.080000 15.690000
431.090000 908.500000 14.500000
436.500000 891.240000 17.750000
564.375000 124.360000 25.765000
628.585000 186.535000 24.950000
591.910000 133.190000 27.150000
610.450000 146.430000 21.840000
600.550000 195.820000 29.710000
596.210000 176.490000 29.990000
637.700000 145.385000 33.025000
580.760000 157.155000 25.255000
618.730000 166.585000 17.915000
482.610000 1439.400000 43.370000
1413.500000 1077.600000 32.700000
1392.800000 1045.400000 24.400000
1387.050000 1066.650000 18.000000
1393.550000 1084.700000 36.250000
1367.600000 1071.000000 24.100000
1744.800000 569.560000 13.870000
1734.950000 566.965000 29.245000
1742.700000 588.380000 15.190000
1729.500000 590.160000 14.440000
1736.000000 577.075000 15.145000
1742.800000 576.955000 15.055000
978.920000 827.220000 17.040000
1008.600000 738.100000 26.870000
967.950000 811.175000 17.405000
984.690000 780.300000 23.000000
993.840000 813.140000 19.410000
1007.600000 751.490000 26.150000
1004.000000 768.945000 22.335000
991.340000 739.005000 21.545000
975.640000 760.100000 29.130000
990.990000 757.665000 14.055000
449.260000 1914.600000 37.300000
703.410000 695.730000 26.260000
420.350000 1900.900000 36.180000
1176.600000 471.770000 41.970000
1463.800000 699.790000 24.760000
1154.700000 460.075000 42.055000
1184.550000 452.580000 27.590000
1349.700000 1747.600000 43.000000
1351.900000 1693.600000 38.300000
1313.150000 1736.550000 40.400000
1379.150000 1730.850000 30.400000
1187.100000 91.469500 52.490500
1527.700000 1135.800000 35.400000
1168.850000 69.816000 34.252000
1189.650000 67.802500 25.295500
651.830000 1059.500000 11.610000
662.595000 1062.400000 15.545000
658.245000 1049.250000 29.215000
213.000000 1550.700000 23.830000
220.715000 1562.300000 17.235000
232.090000 1551.600000 30.730000
225.310000 1573.150000 23.460000
435.455000 1142.400000 27.405000
471.765000 1151.150000 35.785000
422.630000 1116.300000 29.250000
1947.250000 161.225000 19.415000
460.035000 1128.950000 30.175000
446.525000 1104.900000 30.085000
352.675000 179.185000 39.530000
389.180000 213.270000 23.450000
347.250000 235.035000 23.145000
368.330000 226.900000 29.260000
340.165000 202.755000 38.870000
370.060000 199.925000 18.935000
390.150000 194.830000 29.590000
91.255000 1781.250000 43.498000
109.220000 1760.100000 45.920000
63.002000 1763.700000 35.888000
1463.000000 930.100000 48.300000
747.430000 54.087000 19.244000
735.265000 57.949000 21.150000
730.270000 47.889000 19.736000
739.525000 44.831000 27.261000
1317.400000 1436.400000 26.300000
1343.500000 1433.750000 27.550000
1327.400000 1475.300000 20.200000
1303.600000 1478.100000 32.700000
1328.400000 1459.400000 20.500000
1337.400000 1448.950000 23.050000
1300.750000 1450.150000 24.900000
1315.150000 1459.950000 14.100000
1389.450000 46.007500 38.561500
1430.000000 22.549000 36.481000
1499.000000 34.795000 22.353000
1389.400000 15.392000 38.567000
1461.700000 17.373000 32.619000
1907.700000 370.810000 31.510000
1904.100000 396.350000 38.790000
1908.400000 335.460000 34.390000
1880.500000 381.140000 40.480000
933.670000 1615.900000 35.800000
871.060000 1915.800000 69.580000
1689.100000 1742.800000 27.100000
1685.700000 1760.900000 27.300000
1654.000000 1744.300000 30.200000
1649.800000 1776.400000 25.200000
1695.200000 1753.300000 45.700000
481.160000 557.635000 8.885000
480.260000 547.620000 21.420000
490.310000 554.140000 14.250000
476.105000 566.135000 22.610000
487.260000 564.990000 16.150000
468.120000 556.340000 23.580000
492.460000 542.470000 14.570000
508.320000 547.640000 18.530000
1742.600000 1364.350000 37.750000
1767.200000 1374.300000 25.600000
1750.500000 1381.200000 25.400000
222.760000 1251.700000 43.860000
818.840000 809.120000 23.870000
251.910000 1247.200000 46.800000
563.330000 946.470000 15.400000
574.250000 937.840000 23.530000
468.560000 312.130000 36.480000
404.990000 296.420000 30.100000
394.630000 312.150000 25.970000
447.665000 307.335000 23.780000
756.240000 1925.850000 25.730000
769.390000 1909.400000 23.180000
791.140000 1908.650000 20.740000
776.185000 1926.650000 17.895000