999.610000 1906.550000 54.240000
1978.800000 636.920000 29.220000
1984.600000 628.120000 20.930000
311.840000 11.301000 27.522000
1370.400000 1588.650000 51.050000
312.110000 126.910000 48.090000
243.110000 49.049000 23.620000
287.620000 17.486500 27.363500
169.990000 101.265500 37.194500
191.455000 30.927000 28.382000
347.880000 23.221000 55.443000
312.340000 58.320500 32.915500
287.075000 45.422000 26.216000
288.850000 81.781000 32.589000
250.620000 103.650000 33.850000
266.090000 28.631000 21.863000
181.340000 13.461000 36.193000
343.560000 93.555000 31.878000
204.895000 56.350500 36.565500
265.345000 63.094500 24.508500
239.000000 7.785000 22.523000
155.730000 50.316000 46.806000
220.755000 20.667000 28.570000
227.565000 73.698000 32.893000
257.360000 13.125000 20.942000
215.500000 127.360000 34.640000
77.962500 315.295000 47.599500
1921.800000 1927.500000 52.600000
385.820000 782.550000 37.230000
448.930000 762.810000 45.890000
802.070000 549.530000 50.880000
55.385000 1267.500000 44.305000
61.324000 1284.100000 33.811000
1857.300000 443.870000 43.190000
1232.800000 1611.100000 40.400000
533.040000 981.715000 40.095000
1858.300000 452.730000 33.550000
658.105000 916.690000 1536.505000
418.425000 1608.850000 41.255000
490.645000 118.895000 1883.409000
1309.000000 40.773000 698.747000
1190.000000 887.710000 53.350000
1169.750000 895.165000 52.365000
703.760000 1049.600000 80.180000
1617.500000 1373.250000 794.560000
612.600000 1165.800000 31.680000
590.810000 1171.700000 37.880000
820.250000 658.080000 36.320000
936.175000 1616.450000 1067.434000
772.290000 1152.100000 1030.610000
937.255000 1761.700000 1705.315000
59.593500 1001.200000 48.080500
1188.650000 1027.700000 48.440000
1717.950000 1612.650000 35.200000
50.941000 473.560000 1016.689000
1854.900000 71.805000 34.295000
1240.600000 1938.400000 64.700000
1358.000000 1263.800000 48.300000
1567.300000 560.595000 46.725000
1528.900000 591.310000 48.000000