1879.800000 263.900000 44.980000
1023.400000 1925.300000 68.550000
1066.350000 1918.500000 71.050000
1954.700000 1878.400000 46.100000
1947.900000 1903.350000 34.050000
1986.300000 158.270000 1483.270000
1584.250000 165.650000 1677.900000
1641.550000 627.375000 38.335000
834.530000 148.410000 43.290000
1212.000000 251.905000 65.485000
899.220000 293.065000 32.925000
870.250000 132.520000 47.600000
855.530000 145.015000 41.915000
866.530000 92.507000 37.853000
845.190000 119.770000 33.870000
1129.150000 853.020000 43.100000
229.650000 386.230000 75.910000
1966.000000 625.540000 30.670000
724.560000 1090.450000 53.190000
178.280000 368.390000 62.920000
260.645000 342.830000 65.415000
1006.150000 1371.150000 81.400000
289.440000 736.850000 31.630000
914.565000 964.395000 1418.440000
921.470000 1694.600000 37.950000
700.990000 556.980000 41.010000
224.165000 1290.400000 43.485000
237.450000 1270.950000 41.610000
561.460000 1676.500000 49.130000
195.745000 1310.800000 64.115000
1845.900000 1168.700000 53.800000
1064.550000 1464.150000 1287.230000
700.870000 1561.600000 37.920000
706.785000 1529.150000 41.545000
738.560000 1541.300000 37.550000
742.600000 1503.900000 37.800000
336.190000 152.620000 49.270000
160.250000 110.510000 37.053000
134.510000 110.640000 32.920000
147.250000 106.965000 24.533000
148.820000 120.180000 25.850000
611.190000 1780.400000 1241.110000
373.400000 1702.600000 61.970000
1749.700000 578.720000 36.590000
1762.200000 609.855000 43.835000
1774.300000 1302.500000 34.600000
1784.950000 1327.900000 47.450000
1773.000000 1352.300000 45.600000
1935.500000 1463.500000 45.600000
1918.100000 904.550000 34.800000
1903.600000 1479.700000 77.000000
853.050000 1268.800000 43.200000