1592.500000 640.430000 93.240000
1738.800000 1390.000000 691.170000
1449.200000 639.175000 695.305000
668.460000 515.090000 54.640000
1716.000000 959.200000 41.770000
664.150000 546.525000 43.675000
880.670000 1030.000000 107.200000
549.015000 1753.100000 51.105000
1360.850000 159.335000 75.655000
462.720000 1172.100000 38.860000
1352.250000 107.890000 92.129000
1283.500000 115.900000 71.838000
1313.650000 156.195000 83.435000
1465.650000 147.430000 68.230000
994.080000 969.710000 40.570000
1022.500000 995.710000 60.100000
73.003000 198.235000 38.272000
65.925500 214.955000 38.892500
1091.900000 416.930000 62.450000
278.475000 625.160000 53.415000
497.030000 358.090000 54.850000
1194.800000 1622.900000 19.500000
1771.550000 8.245500 67.981500
1018.300000 1745.050000 54.350000
1645.100000 483.250000 65.700000
1628.400000 443.015000 65.805000
1975.300000 1488.250000 33.050000
1981.600000 1476.500000 40.500000
1386.350000 1887.000000 61.350000
1424.900000 1914.700000 53.200000
551.980000 649.845000 34.325000
848.790000 102.950000 42.320000
580.450000 651.650000 56.060000
530.280000 637.540000 70.130000
536.860000 674.900000 46.520000
33.439000 869.750000 30.550000
60.510500 857.375000 36.658500
56.604500 875.725000 37.080500
77.109500 866.565000 69.688500