1603.650000 1989.750000 22.500000
1591.300000 1995.200000 36.800000
1622.200000 1993.000000 34.600000
235.080000 1864.400000 63.890000
1703.200000 53.832000 39.415000
998.290000 1631.400000 32.340000
1011.900000 1636.400000 28.300000
1113.500000 1120.050000 32.150000
637.655000 95.824500 11.820500
629.110000 105.980000 17.840000
650.150000 92.017000 25.823000
645.005000 112.205000 27.520000
642.180000 80.169500 12.956500
631.300000 84.917000 20.153000
619.690000 98.026000 24.404000
650.060000 62.923000 21.446000
1078.900000 359.095000 24.895000
1057.650000 313.615000 23.305000
1106.500000 369.760000 38.310000
1121.200000 281.585000 34.195000
1048.700000 345.440000 30.020000
1082.900000 339.735000 20.525000
1057.100000 369.450000 26.180000
1092.950000 312.025000 27.065000
1107.400000 333.490000 48.410000
1355.200000 1280.900000 18.200000
1341.400000 1283.100000 28.700000
1368.600000 1296.650000 27.050000
1338.600000 1299.900000 24.200000
1350.400000 1293.500000 23.800000
573.080000 375.730000 70.830000
1847.500000 1639.200000 23.500000
1828.700000 1647.600000 37.400000
1840.300000 1655.000000 33.900000
1813.350000 1647.900000 18.750000
1859.500000 1653.200000 25.900000
5.074500 419.740000 11.968500
45.475000 447.070000 22.031000
5.226500 401.455000 19.881500
14.380000 411.850000 23.236000
26.576000 391.580000 26.268000
7.428000 446.770000 14.448000
24.584000 423.740000 23.162000
15.573500 399.375000 12.922500
11.003000 433.445000 16.252000
12.593500 460.370000 34.014500
1909.400000 819.520000 13.880000
1933.350000 778.740000 13.850000
1875.250000 729.530000 42.500000
1902.450000 763.415000 16.135000
1915.500000 794.230000 11.380000
1944.700000 811.070000 21.130000
1890.600000 816.460000 16.910000
1946.200000 772.960000 14.710000
1865.400000 759.100000 39.090000
1877.200000 806.040000 21.150000
1927.600000 859.070000 15.870000
1907.300000 779.325000 14.935000
1897.250000 834.535000 22.735000
1929.650000 812.580000 12.210000
1886.300000 791.780000 16.020000
1953.400000 823.140000 23.260000
1967.700000 790.910000 23.050000
1890.450000 770.425000 20.615000
1913.650000 840.210000 24.160000
1904.100000 793.100000 16.480000
1933.300000 827.470000 17.520000
1919.250000 805.655000 12.485000
1931.900000 754.810000 29.690000
1920.450000 770.745000 14.965000
1904.700000 741.545000 37.645000
1956.500000 774.430000 32.640000
1924.800000 786.660000 10.820000
1946.900000 792.940000 19.080000
1935.200000 798.380000 11.220000
1013.300000 510.670000 35.290000
651.620000 1343.200000 33.610000
717.205000 1274.000000 42.145000
687.065000 1334.450000 34.525000
672.310000 1295.200000 30.690000
664.740000 1265.300000 27.670000
692.710000 1253.000000 35.740000
637.065000 1320.650000 33.025000
703.965000 1297.200000 36.435000
688.840000 1280.800000 17.150000
1772.600000 431.300000 36.350000
1811.950000 442.610000 28.970000
1796.700000 421.340000 37.260000
1785.300000 461.430000 37.140000
1934.700000 1727.000000 1931.150000
965.600000 1386.600000 40.460000
991.130000 1369.300000 36.180000
962.430000 1356.850000 38.520000
1190.850000 207.775000 29.675000
1180.800000 179.310000 25.370000
1214.700000 196.375000 36.985000
1207.300000 214.720000 31.160000
1845.550000 1459.950000 34.100000
1861.500000 1453.800000 25.600000
1247.700000 416.440000 34.830000
1258.000000 456.460000 28.410000
1230.050000 443.645000 49.845000
1499.500000 1069.100000 27.400000
1479.150000 1029.650000 39.900000
1469.350000 1058.000000 32.050000
1482.350000 1092.500000 34.050000
1494.300000 1048.000000 27.100000
1287.800000 938.420000 35.040000
1261.100000 927.410000 28.270000
1404.700000 52.487500 47.107500
796.820000 1056.600000 53.870000
763.840000 1041.950000 47.770000
1025.800000 969.520000 14.800000
1466.200000 774.655000 38.725000
1491.000000 768.800000 32.610000
164.180000 286.100000 28.040000
145.580000 274.350000 29.110000
140.660000 292.780000 28.150000
843.460000 141.850000 35.080000
826.930000 142.675000 35.805000
1947.200000 1309.400000 33.600000
1949.600000 1329.800000 36.900000
1928.700000 1322.900000 36.100000
74.920500 775.555000 28.977500
44.271000 806.860000 27.115000
10.059000 789.810000 20.877000
24.959000 769.160000 33.000000
37.243500 786.715000 25.937500
22.920000 798.680000 25.502000
899.045000 561.910000 39.125000
886.765000 542.615000 34.620000
872.870000 564.090000 35.190000
478.060000 1614.200000 20.500000
489.775000 1612.750000 24.905000
441.795000 1909.650000 34.695000
765.770000 12.177000 48.817000
401.310000 1768.800000 46.300000
1149.200000 965.240000 35.130000
1130.700000 992.010000 46.290000
1168.300000 998.940000 31.550000
1695.400000 1526.600000 29.500000
1700.200000 1551.050000 27.250000
1706.900000 1535.100000 31.100000
1290.450000 1619.700000 20.450000
1300.200000 1621.000000 19.100000
1311.800000 1625.050000 26.150000
1311.350000 1615.050000 23.200000
1444.150000 146.465000 49.785000
971.890000 728.115000 15.905000
1709.450000 585.670000 27.290000
1683.800000 566.130000 30.230000
1735.900000 521.510000 32.970000
1708.500000 564.805000 26.725000
1696.450000 538.960000 33.010000
1729.700000 570.300000 26.270000
1726.800000 605.720000 38.520000
1415.350000 1482.050000 28.100000
1452.200000 1456.700000 45.000000
62.109000 1511.500000 29.175000
988.160000 1244.650000 15.850000
1007.500000 1237.800000 19.300000
1001.700000 1259.700000 17.180000
1011.100000 1276.300000 31.400000
1019.550000 1252.650000 27.000000
972.020000 1262.300000 34.830000
1028.300000 1235.100000 30.300000
972.740000 1232.800000 27.500000
995.750000 1222.800000 30.650000
1641.150000 1431.600000 35.550000
1659.600000 1425.500000 24.500000
1654.150000 1443.500000 23.450000
1680.250000 1425.350000 26.200000
1668.200000 1440.250000 40.150000
199.490000 1483.800000 40.790000
209.430000 1510.700000 32.610000
211.455000 1464.100000 38.135000
227.670000 1481.000000 28.550000
602.435000 1040.050000 22.345000
602.580000 1065.800000 26.700000
623.090000 1045.600000 34.210000