1155.700000 1986.300000 44.200000
820.355000 1143.450000 32.755000
1185.600000 1947.200000 45.700000
1116.000000 1980.100000 65.100000
1325.100000 345.100000 96.760000
1915.150000 333.385000 21.165000
1737.300000 752.050000 34.990000
173.090000 259.520000 53.530000
181.000000 276.450000 54.860000
838.840000 849.940000 42.690000
179.635000 319.190000 67.705000
601.300000 1715.800000 33.280000
491.280000 1494.750000 1414.860000
358.260000 1705.600000 33.810000
1841.350000 1948.150000 29.000000
1968.350000 1342.700000 48.650000
1983.200000 1429.300000 44.100000
1943.100000 1350.000000 32.000000
1929.500000 1447.800000 46.600000
1954.650000 1391.650000 50.700000
1941.650000 1483.500000 47.350000
1322.200000 435.300000 60.330000
1074.900000 62.294000 17.061000
1194.050000 431.905000 90.245000
620.130000 551.815000 45.205000
1225.700000 378.210000 86.440000
866.590000 1524.700000 49.620000
861.600000 1557.200000 51.600000
1258.300000 736.750000 38.420000
1769.500000 1385.700000 37.600000
734.930000 611.350000 1374.240000
1582.500000 1691.100000 53.200000
32.542000 157.200000 1582.258000
1880.800000 183.540000 161.124000
538.810000 498.890000 42.780000
558.150000 495.360000 80.390000
1691.800000 28.100000 23.038000
1772.000000 14.867000 22.396000
1700.200000 45.360000 22.936000
1718.500000 57.128000 48.771000
1738.200000 46.863000 39.885000
1695.300000 71.962000 46.585000
1719.100000 27.778000 18.587000
1701.900000 12.710000 32.864000
1661.500000 37.618500 33.046500
1727.300000 10.430000 29.015000
1146.600000 1617.300000 72.300000
1109.600000 1618.100000 42.100000
1131.300000 1577.900000 52.500000
795.815000 366.315000 52.540000
803.020000 395.120000 37.560000
827.840000 386.800000 31.550000