1404.200000 1375.700000 66.600000
1445.200000 1351.300000 48.600000
1410.300000 1336.800000 33.400000
1425.800000 1389.800000 42.000000
1321.800000 1848.100000 60.700000
1260.400000 1822.250000 63.050000
1176.800000 180.645000 78.155000
1120.500000 195.890000 67.820000
1673.650000 1751.550000 43.400000
1682.750000 1732.200000 36.950000
197.280000 1980.100000 1492.720000
302.950000 1192.300000 44.310000
363.810000 1199.150000 1691.940000
985.310000 1602.900000 39.070000
1015.750000 1598.150000 23.400000
1032.300000 1633.200000 54.000000
997.820000 1631.100000 44.080000
693.630000 1208.800000 73.790000
985.530000 784.990000 37.130000
993.230000 797.830000 57.780000
571.375000 1312.300000 55.035000
572.650000 1289.800000 36.170000
583.150000 1257.500000 51.550000
546.535000 1298.000000 52.255000
606.310000 1205.350000 55.230000
1163.850000 1482.550000 1427.100000
1323.800000 1602.600000 63.300000
931.640000 46.955000 39.802000
959.550000 81.740000 36.614000
828.080000 167.110000 49.110000
872.360000 78.502500 24.597500
955.200000 13.896000 48.366000
834.215000 76.503000 41.812000
996.245000 72.491000 70.818000
928.230000 162.275000 41.345000
866.750000 134.310000 47.290000
891.720000 35.786000 48.309000
894.180000 94.367000 32.483000
969.805000 136.865000 45.460000
957.735000 205.210000 33.995000
944.160000 113.235000 30.135000
1002.500000 111.080000 35.920000
920.260000 73.030000 31.204000
910.510000 120.710000 26.970000
1801.750000 1936.550000 26.400000
1786.100000 1972.400000 64.100000
1815.300000 1939.500000 50.000000
1821.200000 1924.900000 32.400000
1775.350000 1927.150000 50.500000
345.080000 1756.800000 56.270000
561.755000 1146.550000 50.155000
578.170000 1076.900000 46.380000
589.580000 1130.500000 41.380000
509.495000 910.155000 40.190000
507.330000 940.310000 50.830000
1318.900000 288.910000 63.960000
1314.400000 271.865000 50.955000
552.750000 450.380000 41.240000
671.990000 1796.300000 51.420000
530.570000 419.130000 41.510000
529.000000 480.075000 44.335000
768.520000 939.440000 25.740000
512.220000 441.735000 33.415000
504.030000 466.745000 62.355000
532.240000 455.060000 24.850000
1289.500000 1129.100000 1316.620000