1827.750000 633.605000 19.815000
1832.600000 642.335000 12.175000
1837.300000 679.150000 28.030000
1821.800000 641.550000 18.880000
1816.400000 622.570000 31.490000
1843.000000 635.570000 30.730000
1870.300000 671.190000 27.340000
488.760000 668.780000 1282.610000
1682.150000 1278.600000 68.450000
1110.050000 871.375000 18.345000
1004.000000 1657.200000 1402.050000
1788.800000 1578.850000 30.350000
1803.400000 1607.200000 25.500000
1835.300000 1599.700000 42.500000
1798.200000 1583.000000 40.900000
499.140000 1366.900000 40.190000
477.595000 1355.950000 34.055000
464.660000 1375.900000 29.400000
1223.700000 176.720000 30.090000
1204.400000 157.890000 14.330000
1222.900000 145.510000 17.840000
1214.300000 151.450000 7.830000
1200.800000 169.160000 19.830000
1215.600000 164.500000 8.190000
1198.300000 146.990000 19.560000
1225.100000 156.150000 20.190000
1228.550000 135.140000 14.140000
1212.900000 138.160000 20.030000
1985.300000 1586.800000 32.700000
1972.200000 1559.500000 36.000000
1534.650000 1967.100000 36.150000
1473.150000 1975.950000 37.900000
1528.800000 1946.200000 27.000000
1497.350000 1954.100000 33.850000
1610.300000 717.360000 59.240000
1365.600000 1822.700000 35.100000
1977.600000 826.430000 64.290000
1497.600000 1461.300000 6.200000
1660.100000 1889.200000 28.400000
1637.200000 1933.300000 52.600000
1614.300000 1894.700000 46.400000
874.605000 278.775000 1743.220000
1263.300000 1608.100000 47.600000
1607.100000 98.148000 36.192000
913.795000 26.026500 72.291500
912.025000 1057.500000 32.335000
905.320000 1094.000000 17.370000
895.275000 1096.700000 22.585000
901.970000 1077.300000 17.490000
1719.000000 674.720000 919.880000
23.281000 492.200000 66.552000
1628.300000 995.720000 21.580000
1842.450000 200.435000 40.295000
1839.300000 175.010000 32.120000
1490.650000 902.195000 52.435000
1900.450000 1668.700000 39.850000
143.650000 1585.000000 47.900000
1896.700000 1687.600000 34.200000
1864.200000 1707.000000 35.800000
1921.200000 1676.700000 32.100000
784.100000 1100.000000 20.300000
823.065000 63.877000 55.388000
647.540000 1374.600000 27.880000
295.400000 240.530000 39.910000
609.375000 1364.250000 23.885000
622.705000 1362.700000 20.035000
1429.300000 773.035000 53.255000
1405.700000 797.320000 32.980000
1452.400000 799.370000 51.950000
1469.000000 764.645000 33.835000
1425.100000 808.430000 23.520000
725.080000 494.870000 25.540000
710.355000 500.095000 35.220000
1981.000000 626.350000 77.890000
418.530000 145.370000 39.680000
1731.250000 461.005000 325.225000
1616.100000 1764.300000 13.600000
1819.400000 325.250000 37.710000
626.895000 336.300000 49.265000
546.130000 330.150000 26.200000
594.445000 324.915000 19.190000
574.475000 310.410000 25.015000
579.030000 389.490000 49.690000
675.890000 368.570000 54.680000
544.080000 364.985000 42.665000
605.820000 368.195000 15.725000
589.530000 350.600000 16.400000
610.570000 306.270000 57.910000
634.610000 355.740000 27.830000
534.800000 296.610000 38.550000
573.130000 368.060000 19.770000
626.480000 380.245000 31.195000
566.865000 340.115000 23.680000
606.550000 342.020000 19.620000
602.310000 381.800000 26.380000
574.125000 276.720000 30.445000
1871.400000 443.470000 42.700000
1903.650000 431.765000 30.965000
1845.100000 1376.700000 2097.280000