1955.05,457.735,31.455
1952.7,440.72,30.29
191.45,1432.8,15.68
197.49,1440.5,18.96
219.81,1449.1,16.26
877.365,1069,16.255
863.49,1075.4,37.65
1342.35,1261.6,38.85
1378.6,1322.65,25.55
1361.3,1289.3,25.7
1364.5,1302.8,34.5
628.63,605.17,33.5
519.305,1103.4,23.685
501.05,1102.9,30.11
839.13,679.24,41.6
824.805,547.65,24.055
853.86,544.255,27.925
833.67,523.4,26.53
840.17,553.27,19.39
840.81,536.805,15.895
825.26,533.98,22.9
1451.25,1080.2,45.45
1578.8,1002.55,37.01
706.26,1337.6,47.6
702.73,1314.3,49
1303.2,169.97,29.68
1280.9,159.75,36.35
1284.4,179.06,17.58
1234.7,1576,21.5
1245.05,1553.45,23.9
1206.55,1524.95,24.2
1256,1506.3,23.4
1232.7,1536.1,18.2
1219.5,1547.75,24.85
1257.5,1536.9,28.1
1236.3,1521.3,25.2
1598.6,1245.1,19.3
1585.4,1235.4,29.9
99.0525,1595.25,53.5145
464.71,1993.8,16.72
455.905,1967.05,31.845
428.41,1972.3,31.29
480.32,1982,25.91
449.655,1982.85,15.985
1048,1184.9,32.7
1093.9,1169.2,30.8
1039.4,1130.6,24.2
1070.35,1117.1,24.75
1115.2,1188.9,36.1
1018,1151.4,22.61
1055.25,1154.1,24.35
1026.1,1178.1,45.45
1094.35,1227.1,33.35
1079.15,1139.65,21
1539.1,334.14,30.86
1556.8,330.17,25.7
1427.7,18.533,22.537
1426.5,5.43,22.693
1290.8,323.115,31.035
1274.3,314.12,19.17
1272.7,290.05,26.72
1304.9,317.19,25.17
1290.25,289.61,26.96
1256.3,299.82,34.39
1259,333.84,24.2
73.3415,1274.4,31.8145
28.574,1304.6,27.146
109.95,1282.3,30.88
16.039,1275.5,29.612
87.426,1239.8,27.238
52.324,1256.2,32.115
478.96,321.19,29.57
530.56,301.955,20.775
962.45,432.28,38.88
513.88,353.73,38.33
509.36,313.26,18.34
551.56,281.13,21.86
554.68,316.15,29.88
517.88,275.45,31.36
504.23,297.06,22.37
481.2,286.375,29.265
575.04,276.88,27.36
532.86,325.14,35.52
502.68,334.205,27.155
638.575,1954.35,32.935
646.04,1980.75,30.11
618.31,1986.9,32.22
810.13,365.05,13.13
817.25,400.47,5.75
804.335,346.62,19.585
823.165,393.265,3.83
804.56,383.89,19.84
815.895,392.99,6.055
819.66,382.56,8.22
809.08,377.18,6.81
819.69,395.22,4.02
839.825,382.625,17.51
806.68,370.91,6.85
836.725,393.51,14.615
824,399.37,5.17
816.465,369.665,20.62
814.39,386.47,6.64
831.83,402.67,5.49
831.175,412.095,14.46
822.31,405.855,6.255
809.77,394.23,11.25
829.29,396.01,4.46
821.76,388.17,4.95
825.995,383.385,11.56
827.74,390.56,5.14
833.01,387.895,7.605
806.925,402.8,15.665
815.43,408.69,11.46
799.49,366.82,7.18
705.11,205.28,39.54
740.74,231.46,33.6
704.11,235.86,27.95
1720.6,963.765,26.515
1744.05,983.78,18.06
1748.4,955.58,34.45
1741.75,968.555,12.995
1730.1,961.495,14.405
1726,944.81,24.79
1736.7,947.16,23.84
1150.75,1093.25,28.3
1163,1056.3,35
1173,1101.05,45.15
1133.3,1144.8,32.7
1164.6,1127.5,38.9
1122.65,1117.95,26.7
896.705,783.785,35.45
871.9,826.81,30.63
907.93,815.03,39.54
924.675,787.35,38.755
328.12,881.53,32
306.23,978.975,43.155
317.76,904.38,30.88
295.68,935.74,34.29
297.885,881.785,21.33
88.113,495.29,45.589
119.655,526.335,32.52
61.516,535.64,40.89
92.5295,536.025,37.1755
68.496,515.8,23.104
1299.9,813.68,30.47
1314.2,813.885,26.395
1648.9,1529.45,32.65
1667.8,1525.3,24.3
1663.7,1508.8,34.3
663.555,974.125,43.63
515.32,1698.1,46.88
500.55,1654.3,39.14
1662.2,340.36,53.88
1642.35,369.265,34.775
1471.25,1495,63.85
1494.2,1503.25,25.15
1518.75,1470.3,38.35
1509.15,1534.9,34.65
1483.3,1525.65,35.65
1449.9,1524.4,28.9
1486.2,1473.3,22.3
1624.6,1816.2,30.8
1581.3,1817,50.3
1601.2,1756.8,29.9
1575.5,1783.3,32.4
1616.45,1780.4,39.45
1601.25,1801.1,18.85
1296.6,1691,13.6
1300.2,1678.7,22.8
1312.5,1686.7,24
1309.5,1698,22.4
1293.3,1703.35,21.25
1283.4,1682.25,21.55
1782.1,1062.2,24.3
1796.9,1057.2,31.4
1438,1360.6,13.5
1422.6,1391.7,15.8
1455.15,1364.1,16.35
1421.9,1370.6,21.4
1423.2,1353.9,30.3
1445.35,1347.05,34.2
1444.5,1381.5,24
832.78,1311.1,42.72
1165.25,952.88,36.72
1188.7,944.62,30.08
1068.5,158.245,41.125
1097.7,146.87,31.82
1128.2,114.27,30.331
1064.3,193.66,48.02
1089.95,189.98,42.45
430.39,881.55,28.52
416.235,875.91,21.795
393.88,882.57,30.49
407.79,890.33,24.04
362.86,866.03,21.79
422.63,897.25,32.44
1029.6,1335.5,36.6
1002.95,1325.75,37.75
96.176,335.75,38.651
112.87,371.23,26.48
1280.4,433.475,43.095
1255.8,443.075,37.855
344.55,186.09,37.64
321.595,185.2,26.905
336.74,215.05,38.66
729.4,1576.1,40.57
550.08,1810.9,26.64
757.635,1587.1,28.765
771.33,1615.25,51.31
570.75,1791.2,23.89
741.07,1609.9,39.55
802.01,1592.4,43.84
775.245,1544.5,49.745
777.56,18.598,41.03
1497.55,1964,38.15
1872.9,823.81,43.02
52.609,1774.5,40.782
48.438,1749.3,42.382
33.75,1766,39.596
1947,1368.1,49.6
1977.4,1050.3,40.6
305.3,692.51,24.13
303.09,681.705,35.265
1260.1,130.12,40.35
1237.1,143.13,68.2
1197.3,965.1,38.79
1216.35,978.2,21.29
1405.2,1680.9,46.9
1427.8,1681.5,54.7
899.93,1028.9,57.77
276.47,536.195,32.755
308.64,531.925,35.025
287.04,509.05,42.33
319.74,508.12,42.16
1476.3,180.59,201.23
1901.6,1608,45.4
1525.7,840.79,39.18
1502.1,846.64,39.84
1614.65,460.79,52.09
1598.7,467.69,36.11
423.88,1798.65,43.5
1461.9,1243.2,46.7
1355.5,42.922,1774.278
1752.85,239.21,81.27
1303.4,1362.3,38.1
1352.9,1456.2,48.9
87.9845,1893,47.3325
1158.4,1215.45,23.65
1158.6,1194.8,33.1
1151.6,1170.45,33.15
1143.05,1231.3,24.55
1151.9,1225.8,20.7
1187.3,1239.4,28.6
1159.7,1232.2,13.2
1503.8,59.898,73.292
47.2755,868.495,829.9995
664.05,1963.95,39.68
686.75,1943,25.96
125.93,122.55,44.676
89.871,108.27,35.2
1063.9,552.88,1492.43
1113.05,1969.1,72.05
1071,1985.4,23.3
1075.1,391.64,13.54
1090.35,385.88,11.23
1082.3,395.175,6.295
1087.1,409.91,9.79
1077.8,380,13.88
1079.6,402.71,18.47
1095,391.66,11.81
1089.1,392.845,4.645
1092.7,398.56,13.32
1097.9,385.28,12.92
1084.8,386.28,6.87
398.41,1031.3,39.48
392.27,1054.65,42.99
1656,1012.4,49.38
1697.05,994.655,35.995
890.495,591.09,39.495
852.98,635.44,51.24
896.28,615.74,34.04
1782.65,1822.35,67.6
1761.2,1812.85,32.15
1744.7,354.65,49.32
1754.9,1835.4,63.4
771.675,822.145,526.98
1427.8,504.13,54.95
407.78,733.81,351.67
812.83,1500.85,11.51
805.22,1498.3,25.31
1447.65,1762.75,21.2
1458.55,1767.6,26.15
1446.4,1744.4,17.5
1469.3,1744.4,21.3
1471,1762.2,36.3
1484.1,1803.3,22.8
1457.1,1752.2,12.8
1283.7,344.685,44.355
184.37,587.04,47.46
1298.75,381.19,36.03
1309.5,361.34,24.97
1303,338.32,35.97
1326.25,373.005,37.925
1293.2,360.14,30.59
381.93,990.45,63.04
422.035,1017,41.615
859.71,945.23,1866.922
1349,212.79,21.77
1337.2,216.39,60.91
1368.1,227.05,34.84
644.27,1793.8,90.53
695.97,1800.5,41.01
706.775,1857.65,43.715
665.87,1836.4,50.25
674.35,1876.4,53.79
676.815,1765.55,65.075
359.72,1574.8,18.16
343.535,1591.7,27.575
1694.3,781.36,60.97
372.495,1598.95,39.745
426.04,1563.95,45.1
398.755,1617.15,46.215
317.73,1571.1,38.14
404.65,1525.9,58.33
323.42,1520.5,64.8
388.32,1576.4,29.57
343.28,1557.55,26.75
338.31,1616.2,42.85
372.6,1552.8,75.8
79.758,283.91,71.673
260.31,1301.8,87.75
278.22,1339.5,68.79
1164.45,150.76,57.26
1172,130.36,53.31
1186.6,787.23,59.59
1228.9,748.52,31.26
1256.1,775.73,45.23
1239.7,677.355,49.015
1210.4,704.03,43.54
1268.2,743.59,49.06
1215.4,768.965,39.515
1169.1,715.03,52.92
1252.05,714.515,51.755
1162.3,757.145,39.105
1198.9,740.46,25.72