771.675000 822.145000 526.980000
1427.800000 504.130000 54.950000
407.780000 733.810000 351.670000
812.830000 1500.850000 11.510000
805.220000 1498.300000 25.310000
1447.650000 1762.750000 21.200000
1458.550000 1767.600000 26.150000
1446.400000 1744.400000 17.500000
1469.300000 1744.400000 21.300000
1471.000000 1762.200000 36.300000
1484.100000 1803.300000 22.800000
1457.100000 1752.200000 12.800000
1283.700000 344.685000 44.355000
184.370000 587.040000 47.460000
1298.750000 381.190000 36.030000
1309.500000 361.340000 24.970000
1303.000000 338.320000 35.970000
1326.250000 373.005000 37.925000
1293.200000 360.140000 30.590000
381.930000 990.450000 63.040000
422.035000 1017.000000 41.615000
859.710000 945.230000 1866.922000
1349.000000 212.790000 21.770000
1337.200000 216.390000 60.910000
1368.100000 227.050000 34.840000
644.270000 1793.800000 90.530000
695.970000 1800.500000 41.010000
706.775000 1857.650000 43.715000
665.870000 1836.400000 50.250000
674.350000 1876.400000 53.790000
676.815000 1765.550000 65.075000
359.720000 1574.800000 18.160000
343.535000 1591.700000 27.575000
1694.300000 781.360000 60.970000
372.495000 1598.950000 39.745000
426.040000 1563.950000 45.100000
398.755000 1617.150000 46.215000
317.730000 1571.100000 38.140000
404.650000 1525.900000 58.330000
323.420000 1520.500000 64.800000
388.320000 1576.400000 29.570000
343.280000 1557.550000 26.750000
338.310000 1616.200000 42.850000
372.600000 1552.800000 75.800000
79.758000 283.910000 71.673000
260.310000 1301.800000 87.750000
278.220000 1339.500000 68.790000
1164.450000 150.760000 57.260000
1172.000000 130.360000 53.310000
1186.600000 787.230000 59.590000
1228.900000 748.520000 31.260000
1256.100000 775.730000 45.230000
1239.700000 677.355000 49.015000
1210.400000 704.030000 43.540000
1268.200000 743.590000 49.060000
1215.400000 768.965000 39.515000
1169.100000 715.030000 52.920000
1252.050000 714.515000 51.755000
1162.300000 757.145000 39.105000
1198.900000 740.460000 25.720000